2230
6344
8013
1760
2308
8610
2138
8875
9386
9719
2949
5163
5420
3134
8285
2653
2352
400
531
2727
2998
900
3556
2139
1767
2526
3141
3531
4218
52
5907
2911
2349
1682
9531
4630
129
1438
2664
1865
4678
366
6892
5478
9738
7432
49
3067
7900
2474
3391
2625
4422
4395
6417
6188
3530
2498
3347
1712
6667
1382
2303
6710
2511
3286
1352
975
8212
1866
150
1928
2753
8345
2868
1438
6975
2332
6390
2740
4376
9491
7615
7987
7854
503
8914
6146
2671
6271
7287
2838
2311
3815
9488
9691
6006
8414
2668
3108
1204
5838
2188
3855
5283
1298
2309
5244
4260
2947
4629
4064
7260
3203
1225
8021
5560
6158
2894
196
6670
1741
1607
2390
6742
7069
3727
2951
7738
4384
6943
2668
682
4051
4882
918
7250
7999
2614
7352
112
835
2742
9606
2576
6498
4822
5726
3963
281
5327
8395
5248
3028
4460
8567
9713
82
1940
7761
2081
6886
8072
6784
684
879
527
5495
4184
7290
2689
2009
5515
2310
8289
3806
1357
5096
9438
5127
6415
8241
5531
5438
2508
3693
5502
1666
7903
5469
5094
34
565
1671
9761
9143
3876
2683
8236
135
2157
3610
2940
4487
2846
4595
9485
1281
1786
4782
7609
6807
5965
1852
7947
6198
9259
1822
357
9166
4920
597
350
4785
4189
4554
6144
6154
8154
2272
5009
3729
6087
4230
6976
5548
6944
9665
4131
8519
1520
6938
8911
1303
9820
7684
2135
187
3459
1104
8920
644
1301
9284
4453
2743
34
2489
1166
3553
2804
1668
8502
6411
3136
6488
2677
5277
6809
3178
7915
2183
7061
8549
583
8478
2116
5983
5543
1556
5310
5292
7056
1164
7277
1793
9265
6508
4027
2491
1971
2563
2348
2113
7651
9117
9311
6087
6659
9253
8369
2773
8877
810
2691
3896
9674
6453
3918
3447
2435
9098
3860
6504
2134
6813
7240
3140
9002
551
4336
8872
1670
5433
4394
8526
351
8496
3933
1563
9809
4074
17
2538
177
344
6002
8393
6432
4372
1521
8755
498
1780
3163
9694
255
240
2510
6485
5770
2289
7978
2616
3185
8202
84
3346
8548
3068
4097
8748
681
132
8768
5777
2862
1367
664
4754
2609
2402
7077
2570
7005
7675
3357
9876
6262
4044
9640
2508
4023
3777
9743
3699
2634
7935
6420
9927
4840
8760
211
1842
3169
6076
6871
2242
7566
7410
895
4057
4229
1735
5202
3702
1580
566
658
436
6498
2922
8269
5569
8875
6176
7737
6001
4874
9952
2865
836
1412
8908
8763
3414
8834
1578
7965
6437
2807
1103
5919
4680
515
4589
7441
8478
7271
3342
6288
2053
8810
7057
6038
9244
2252
3589
8912
699
9033
596
3044
625
3872
5954
4018
558
3508
101
5386
1010
9458
6951
9342
3366
4964
4201
2266
9674
1174
3531
321
3774
4247
7658
7513
6325
1203
7529
9691
7335
206
7235
276
294
1875
8047
783
5971
1758
597
9398
6130
9047
7937
9782
9691
7040
2070
7843
3746
3808
1604
5068
7481
897
6956
5889
1589
6199
5843
882
5518
4995
3798
2041
7291
8502
9678
2714
717
9658
1348
9962
5643
7149
614
3630
3295
4943
6250
6502
1902
8047
4370
9994
7885
2816
976
2355
7954
1762
2092
8301
457
8734
6933
8283
1048
6418
1045
1244
3157
9246
3352
5661
2614
5534
7245
1663
2186
3913
285
4730
1798
6345
4348
1266
9762
5564
3998
3961
8629
3066
1708
3845
7422
5496
9847
7571
7445
3405
8684
8348
17
6835
1401
5847
2092
5552
9199
6896
7204
2389
1512
4247
306
4583
3163
6668
3488
7900
8557
8522
4967
408
7530
7185
7287
3625
4005
6472
8810
5135
2076
4850
8091
4705
4080
2961
35
8140
8019
8425
6485
317
1059
5398
5211
2688
2614
7296
575
8394
6518
9710
8606
3668
4271
1305
3754
4665
1894
179
2224
6866
5341
3815
7002
9407
8228
7442
2693
426
4354
3122
9301
9143
5
3758
4583
6782
9142
6487
1527
8812
9696
894
6564
6150
6818
8038
6129
4431
9795
3578
8445
4509
4470
2690
4741
695
8942
1122
8920
817
7332
9476
4988
3516
4294
9064
4639
9799
1058
1960
752
2426
2004
5137
607
5205
4700
4223
6547
245
9476
1255
4683
3559
5632
8395
6598
2591
7878
2762
630
3915
6880
982
2946
7891
2592
2442
9116
2564
9619
6444
5491
1246
73
5199
7257
8843
4853
7244
7207
9857
6496
1954
128
7401
9634
2235
6228
7856
4947
3585
7878
3902
1407
1681
3711
7158
4585
254
2660
8253
5185
3209
278
8783
1560
2464
8409
2958
8852
6101
5911
828
2975
1345
3190
1771
1925
4985
119
7986
1086
8975
5472
83
1192
1691
2348
475
3753
3020
4673
5162
1059
4377
8018
4516
3449
781
711
263
145
2035
6058
3918
987
2030
1491
292
8128
1805
2055
3213
5486
5708
7435
6882
8388
4446
7823
8507
4601
8186
5465
9475
2418
9844
7216
4966
5443
6461
5563
4126
7893
2365
1112
6926
1929
1840
801
6174
2972
95
6956
809
1132
8561
8705
1075
2554
1154
866
5118
2656
130
102
9727
6309
48
902
7085
1039
1673
2509
266
7592
7724
137
5318
8228
1696
2711
3279
1361
8872
9806
5709
7568
934
8969
4557
6195
1869
6107
8444
6168
155
7327
9575
5493
4279
6014
2097
4756
1048
3077
6757
2145
2055
5029
7132
5025
3285
1420
7824
8374
2159
1189
2658
1521
5921
4363
2650
919
8889
5476
8125
8246
9262
636
5027
9065
9601
6783
2729
9371
1682
779
5093
169
7078
516
3609
6795
6919
8650
5609
5428
7293
1753
2368
4583
6316
240
9184
2973
6125
3732
9768
4724
2610
9973
9979
1834
852
272
447
1451
9295
2807
819
1079
593
4159
1957
3496
9839
9800
8626
6882
4920
4978
4287
8299
1838
1166
9720
1549
5266
4002
487
9690
5055
6194
3447
2176
1722
1915
2681
1357
2072
5569
7367
4
945
1884
9191
4416
4516
2254
147
1737
9002
2712
6598
3541
3599
5390
1097
2177
1311
9480
3360
6560
5613
7675
4030
6946
9210
4439
1136
4936
2356
225
8824
9480
7021
1380
2761
8797
2046
2612
6867
864
1275
9636
1759
9436
7944
5912
813
6094
9804
6189
8507
1468
5765
6472
986
2105
8093
8940
6252
9062
2188
3312
8864
1146
3789
9776
7153
2436
3221
8386
603
8080
5090
7724
8192
601
9840
2181
1482
6415
9602
5753
9250
9881
5614
6625
5921
8252
3690
9346
4436
4396
534
4420
741
6818
3994
5958
7288
2159
8530
4608
2755
6305
6039
7322
3058
3748
2255
91
842
890
2871
2628
412
9981
497
8622
2796
6164
7401
9649
6370
5396
3292
4055
6672
2953
6459
4416
7894
5814
2620
9991
9843
1402
3026
4372
7789
2771
1246
4756
6211
1911
5094
4102
1088
3744
9909
9399
6226
1256
3938
9441
1468
9238
518
9167
7385
647
552
8004
4131
2273
2603
2461
9043
5571
6572
2116
2553
6433
6404
502
8333
2047
6756
295
8039
6940
274
5109
7645
817
8558
3914
5115
9657
4730
8694
9800
1172
8954
6876
966
8663
4216
1931
4346
9494
6667
9393
717
3444
409
8107
2002
8506
9963
4159
3369
822
4944
6654
1907
7846
4292
8324
6967
8646
9842
8018
421
7670
4888
6783
3801
5904
5658
6458
401
7416
2154
642
2690
9077
1174
329
5433
3135
1826
7015
6846
5977
6968
3083
7917
1680
5789
760
5416
4757
2230
7277
871
696
2122
6308
5074
5941
2058
4384
6976
9300
5182
5905
4848
9627
770
6378
6425
5190
2769
7477
2509
5706
785
965
771
1831
9935
7676
7589
2029
2428
4750
663
8208
505
2405
7658
8974
8238
7735
655
4207
8449
2517
5071
9647
965
4677
667
8569
2065
2530
3136
9876
6067
546
9613
2450
9700
5593
9352
2758
7902
3469
8893
38
428
9321
4232
8994
416
2213
4214
8612
5194
646
2743
4712
4920
98
8967
4574
3993
9223
5773
1069
3879
8524
9779
2330
4132
3864
839
8569
8579
5682
2545
8963
2827
6904
3446
8250
1735
3812
1708
9161
4738
1596
448
4191
8258
6729
1716
6381
8913
7434
669
3965
2212
3578
7884
438
53
4671
2619
6574
244
85
3722
1327
7486
7834
9914
13
3340
3899
6155
4374
1408
6735
5041
5707
6299
7874
7196
111
2194
5413
6808
5965
1522
3604
9505
7615
369
8568
5067
7676
2216
1822
6882
4721
3662
7623
9758
6884
9462
8593
4617
181
1148
7495
4883
677
2987
6053
1573
987
819
8703
2981
1029
3657
5713
1498
4876
224
633
4529
8268
1367
5253
4367
3074
7762
151
3368
8646
9565
6000
2047
4379
4910
908
4302
8773
4731
234
600
1642
2316
1215
5646
8604
162
7931
4143
5110
1912
2620
3315
1301
873
9490
874
7721
5667
6595
7104
4412
42
2367
8517
7715
6959
6838
9130
690
7634
1369
7917
7652
9222
6927
8297
1931
2276
5801
72
5845
4435
5272
779
7984
9767
4557
3451
7407
4871
6497
6064
1550
1444
4230
1986
2802
406
750
3935
8149
1960
1322
9516
928
2920
5414
3167
2505
9864
5779
7036
7552
3944
3237
6703
549
4008
2462
9802
2748
7880
6698
6847
3987
6787
9037
7231
9667
7835
3706
2020
6661
9366
9478
6509
6327
5338
9084
1224
1151
789
1841
5141
2576
8832
8459
679
5019
2020
8894
7214
71
6046
2407
4788
8372
7711
3452
2453
2972
8983
1299
962
9995
2275
6131
7895
7808
1716
3177
9404
1413
7075
6107
2377
2364
802
1250
2733
5674
6388
4291
865
9273
5727
1662
6728
5144
8321
6124
5434
2021
289
258
1537
2942
6200
6331
2259
2276
7839
5765
1682
5090
9370
5450
9089
9613
4870
9218
9928
7819
9391
8311
8281
5961
9365
5337
5475
1304
2416
9379
6310
3527
5345
7374
1561
1319
1883
1572
8841
8507
34
520
5235
6078
9091
5956
740
7818
2132
1107
2527
7782
4701
8752
2111
4847
5480
7134
8109
3803
7956
7530
8643
4378
9984
7806
9282
1966
6998
4264
6465
2684
7942
3946
4279
994
741
7394
7916
6188
8693
189
7835
2914
1223
3704
2890
3589
4830
3591
4909
8922
9830
1337
40
565
6117
1244
2755
5514
6145
9869
9075
2863
50
5379
3462
246
2360
1517
6319
5802
9504
3640
6356
4360
9252
4933
740
6177
2561
9611
5964
3964
9853
777
4300
5489
3432
8511
470
8083
5314
9229
8502
46
4318
6987
1704
9729
2309
6523
4006
5149
7294
396
2865
5984
6012
657
6435
2315
3288
4625
1795
1722
6769
2272
6504
2725
466
494
7953
9586
5731
7935
8932
9870
3090
3771
2197
7436
4179
2598
9689
7357
869
6066
5340
3745
1192
8307
7568
3580
6012
1971
4424
1548
9019
9768
692
490
3530
3683
6701
959
11
8026
9667
7081
951
6329
1332
1311
4026
836
1664
193
4048
5248
1563
6323
5871
7299
5155
6188
1972
6744
147
1049
9202
9815
2183
6103
5016
4629
9713
6930
3235
3528
5132
9367
4100
8094
4238
3089
6531
2623
579
1602
9492
6447
9751
6191
825
3497
7028
994
1256
712
1230
8858
9614
2023
9723
9829
2324
8252
5959
7713
4642
9376
2102
6288
3745
8099
315
3834
3301
4717
4969
1399
3179
1000
9624
6845
6526
6444
8907
1798
1728
7403
1439
1862
9480
6911
7174
9340
1703
6768
8677
7319
7632
8026
8011
7579
7175
2670
467
1795
1176
1400
4027
9577
6092
4770
7942
2804
7607
3207
4399
1506
4565
1481
512
3510
4951
4215
5217
1411
9944
761
7076
778
5301
2846
7105
4848
9453
3737
6030
7316
8389
631
993
7999
8063
7524
9129
6845
2859
1759
9465
427
7022
4907
9687
2738
6339
2887
7956
5763
1616
879
4636
4146
3210
1956
4289
9880
4491
4363
8147
6228
99
5122
6995
3170
6700
9096
184
8303
3539
2061
2417
6284
4132
8007
1708
7809
3653
3862
9079
1219
2902
6139
8037
1737
5542
4389
4051
795
