4217
1773
2061
3028
7832
7271
2280
86
1819
3837
2805
9346
5774
8157
4619
2371
353
1110
7384
3936
4908
9185
548
8915
3426
530
6340
201
8073
3564
5888
1020
9129
4595
2775
4112
450
1574
1250
348
4963
9516
2518
6490
376
9197
4461
3136
6244
7701
2215
5775
3183
8917
7725
3835
1986
4555
5543
3596
5745
2067
8862
5829
5959
845
564
8500
7433
8897
4963
8793
8003
9393
2436
8010
8392
3582
7361
6534
8809
1165
9581
2249
4227
4170
7938
5311
9421
9086
2890
1420
6930
8558
9522
7100
7613
8932
7324
1462
6690
2626
3157
1638
485
5796
7607
347
2085
4405
3919
5118
9656
6565
6945
7461
2845
5945
6378
2119
2062
3955
5383
9169
4405
4596
8612
792
7168
3343
552
4239
2696
3072
7551
219
6590
3293
1447
6981
7511
1692
5023
1025
7802
581
9069
2557
4871
2169
8527
923
7483
6771
85
2
273
4206
3325
7986
2347
1879
7806
6807
5409
5780
3545
992
681
5301
204
7360
4519
7930
2473
1508
9671
9366
6312
1879
9929
2162
5240
2435
6828
1221
2427
9656
3823
34
2835
2114
2740
115
9479
3414
1349
2149
8523
9996
